579653775179
584099216065
338905109355
581235378347
572827278872
573894059136
578130991222
504624168727
585523893930
570054446418
561002562641
231249663668
579482165057
561622371720
590860379967
536185600450
597979260439
584024918331
563550485873
577580179087
528956850788
556506356469
577528488273
597937564944
581365628632
583930658255
572005383535
554055451765
581747448726
594787984689
567857094559
562982613997
579166539588
567841846518
562296283219
595717804323
569721383098
185777382095
580774280591
442254530271
560002845869
580404318148
567119922161
328551608919
576006833794
555297103252
585875539872
564814470205
582146397061
562940537073
579777329060
591783898887
583417028034
585520523181
566565530096
583202399908
561857128620
552232943440
597000239635
580624114868
263628207057
585586358446
579100968399
580819906780
581071249048
574324957536
586189260073
580529887892
560810749856
580983460267
491978010955
576780484506
582953497806
561253000415
575397257431
591987775270
581937439873
570297619740
574302997110
588463913237
583337538764
583143705282
566812764153
585683932586
524698121287
567906596452
580396152276
577904798318
567606391905
331817541902
526909476732
406536950842
511046279028
516866297021
593809932603
379639238408
116237586775
563065788042
560393164866
561599363431
582491050002
580347761634
593765647907
553230990338
574017174896
573993650544
578014947911
296943538404
577694213046
595827137325
73779608797
573076623284
572167123023
596518894867
584053691407
550926019880
580213784558
594181713182
585718191364
575943438917
155464872697
562692266364
582343370956
544983494569
574581750383
573865053284
577270761185
424681707569
571505500226
553870067347
579999133422
579198636966
575240031079
583285526433
579380880363
592092394038
555211921251
536619026602
572364761570
579411065481
574907032699
559736878883
554256434417
584908090122
273968485453
579497291471
577014463411
571322632401
589582448947
563419465724
586672216876
575941041639
435015533672
327724130038
580123091694
588585962552
558233473494
580353559503
579123055497
524653887510
577881540533
555608929176
577180970162
577493221261
578093780627
577733830355
576922511314
539366544496
195811619380
587698810155
571975624364
574168503756
559593878217
582661853614
590321679930
593428270120
577189854100
579598430390
584817947437
575862127594
563111879669
570361013625
496888280852
593653128474
574036760927
586888178959
588084811530
577578870840
574652825742
579230910191
573474599542
443849907189
570022308474
563516454390
574882413782
560979954007
592632815402
572827598688
578755743470
528871656169
544232550011
590269834546
111175479224
578918288309
490907214948
580380798380
552453430035
354235122832
574151908938
577141632927
560036028856
573425661219
590263807536
575043726216
592147354409
557809252505
561679365244
357631775553
578228952497
507496247633
577788518886
571496740643
579352173361
592302805277
560820314016
569290787270
592448909601
576962891657
574478848978
571276834918
563232744689
573024064606
589757765681
581655859619
581621764526
576498311902
592711752982
576142268824
587379374093
574746345601
578507424435
540761026691
586146669061
573803792385
554088061431
575890877319
552667261156
591567174161
543128669589
575656893657
562975706362
572917783887
583315314482
576030555023
576501081222
558747916032
554529964537
572046496375
570560887427
560291626574
470616579591
556980915692
72138478463
544028830240
555608952681
535983731074
512179132346
570974404179
576080026066
577910469427
509485001444
343491922941
579303283627
555059541793
568757354498
563365602421
562544449649
559714508433
578133406945
575349850836
572234102865
529035164665
577094954624
573409512265
571106104772
575916122271
580660801187
578488582594
575622882517
495812058495
572316118364
574420369881
344980439006
210477080092
493788616150
577750280640
561854182135
520347976387
584126032930
586603826954
588957503280
213539381753
555001581717
550237167032
564700954962
590009370645
590846141205
586274634245
578152463309
571774839408
573728494553
561218634961
562025710076
564968586973
585608761095
572616837472
590378136852
571555313275
516045400266
579923746362
543552405500
586197968898
586719875631
580277115051
573953078407
534690674124
590986663470
571755295308
548688924328
559628449792
577075612602
571514045785
584585166355
529646040336
588951617065
576222010507
572015686473
286596325643
571905820748
558212571638
329185847496
579864612097
571794705372
578041428130
561487463677
577496872139
556227826022
569920244084
529771494717
572371082851
564094498652
579497858728
538264895374
565123252909
558460444616
570293539186
585752310030
565451604357
566252144342
560961654523
573760996611
562501153418
530225197507
569106572899
571861990506
585283208714
584715453204
513774412383
572641707329
338461043539
577097131975
342567383203
520576012040
573721300696
523861815885
554024027670
562842609605
579188102562
560238419441
560671714966
579698213543
541218846962
590076814357
575005622660
520376628128
519021090574
545949304609
571235752088
519162467044
480214138778
573159632855
577243702477
568537218437
571214242132
574410786269
590330896172
571334938699
556919902366
347112088991
541969040505
484041604611
571815278395
556632858960
590231020843
577073223119
509858900569
574267717774
584662886671
543682887185
557863060353
576196420017
575348570764
585235873800
583304323375
560683698420
571553422700
590017445159
575518582504
587124411710
580622051608
585149281807
521420820072
565111386094
589933948450
569272470488
570900746246
570428201327
578273954466
574788484779
554825149747
552747767165
539432488812
575298514671
576424329667
349138471005
370044345117
524948771856
576185915118
579055410605
456967798021
575852507628
574194672272
576072961767
764098663
575572566200
573717702104
528416907666
571098956651
589078238508
580188436743
577277173819
574510504074
581343059975
572927159690
555689809474
555988899986
563994268030
314788187959
556352202425
589487863080
575513949371
574880691077
577965036969
567195666800
462220868838
573631077527
340176115585
564121657183
566370103251
528203503250
331096241852
569229487799
335243392901
342536174421
267215899838
555619025272
575448372423
576769915400
574520893883
583021039153
574353882430
558322715312
552884369397
584404682009
572961694617
275833579107
542853320352
538183834634
534043159716
586724153616
551575493463
565389239167
570017413701
569574107235
514292733928
572702790816
567584301533
569515530848
566528736670
572473581234
519694703452
549276812117
120657169273
573588879546
542143653764
366170935320
561114039386
556092423168
570122730383
555230940295
554026300407
539994360626
583065562931
572549537998
580302124334
565141125782
581597471274
582412565018
526701201607
521585398358
520897086463
524252951745
173351987987
576743990074
581832158986
565494956157
567105110723
581552750606
572294030001
571234682250
570293969311
543750135619
575269975833
521370914277
587084882450
519562426570
569459956932
580501401624
571457491075
556054039119
581304176919
561646085019
559574873690
556633686271
560878123356
535858792369
571152398816
552186049883
454898059252
462782586036
544375234487
580727743782
565455773772
565357477990
540203215089
567671623646
527919340042
563011305889
558880759271
583653142328
550822748318
530424100031
556008764411
571301991658
552594923007
565437807936
579778520587
577342345523
251436926600
567500514491
182215538653
567231727075
584325893917
563986135930
562096154473
564961857128
580019837224
271969833507
580456966198
569346391739
572624910767
528766989360
578477007623
527517086457
583536728605
344046574450
569447024097
575385883150
553147374196
552977959421
351167036859
564475424609
568369094853
330244935368
573055947064
556779987938
533637393057
533329799135
563753901379
564689619170
577249936646
562572458619
541954871537
521565477088
565987873169
555354181246
568426906312
557045202987
562990622896
555415917205
565447636949
538917389296
570952896297
528754573262
529124696112
572293484564
124383755359
504707885565
563055138011
543221099257
308484384835
525824783845
557805721232
514189515875
554970786418
552216032877
149155066643
370306019339
167256548226
559588200115
461100484168
529976824074
338667856799
557158486936
528848663861
550121932535
561145674107
565997601722
355949630516
482280150590
545301978898
545767415093
557980591817
562769660081
566799319777
346027066637
516646182864
522868175949
517126840715
557393786909
369299068981
568677177132
564731317181
563309216129
486159105935
520964100313
556944153427
551215612511
576624108319
531021000728
447751673968
561035773062
558950121282
226658766341
560682122641
543045634460
530880890407
523601488071
541404873211
186417439755
560755227343
559717598357
559287413448
558249487130
556694118039
573069318679
559137112255
262379597993
525738228909
558247314119
572273838634
525809454403
530005012983
526216776021
537047991956
530598968314
551108286077
543246941599
529692884451
436682575168
569182880826
547927265639
570677300014
551946145918
531341041607
528230399120
555049043247
538662821526
532672525958
561690516992
571736410917
530593782980
561840010752
534313005794
553005155430
568676046897
570769666089
128382380401
515557709436
523952274647
561639170622
556901026767
545768204758
568175036947
553308415463
531850518210
557322231757
546375163232
549868018978
559356525056
552609065391
556612403254
462487740343
346393257833
521931459381
415059864374
540512495299
543276591535
534215465885
530549409768
474092318230
295976642418
534617852594
514971974977
532438058724
326236520853
526788274160
453632700596
204204160101
530082338240
515453784423
507831076389
522215598951
466202386667
538749827891
522702115915
517433137747
518315194949
524411501553
526607108070
520771699838
396839234690
494410564908
475538024937
516432378743
480751638927
516094678381
519190719927
451377930071
516346322135
471643823931
461036688989
347267766534
402050597245
313658609517
459411658884
120226796530
363343205123
312815883081
474728670845
430187787913
103032126340
475645599160
283546546163
301441334892
363084535047
173246883527
153762701785
488881715047
325863239542
494250883751
346884514427
509924862792
482019002188
436369405038
429609893338
155878918179
160838315267
475908429055
103021780199
451380608928
409580954163
506930647335
371693683563
487414177475
327505826651
468480406694
85243436912
346273753646
339451424388
476019705815
469937422679
341997446523
446541025160
491549304852
471912878927
469312113940
293750039351
324594188500
330532350862
467546579907
474774035262
475464937105
344040922779
449430647729
463677916370
476985732665
466469308666
311835406286
458841655136
462129147315
457471481253
444098808133
339598933835
453590088572
94829561550
358044395447
330193694119
343813410660
363761525248
376470073869
343495196604
156566635332
436679969893
359519907396
458946574865
281119491287
357204949187
459194163738
439334254887
344354138079
211594422941
330656648446
348674529819
109904650666
336979946937
166357734
580230300477
579721507151
581860056757
578574000469
583847334067
570461356995
551427705385
576580793487
598078522642
581396409809
568485348072
592238211077
570067582066
586268416777
556677159765
574280075925
594500918322
576805950381
577904798318
581544860045
580473421456
583289210309
572656938836
573942440282
580372451284
596313786642
574607628124
569581069406
448381080592
576893248092
567022049269
577700811076
593355958584
576487283325
580540572163
596629755410
564647036923
551373561155
579121899730
584616769191
560241766574
585411249168
593343001874
562692266364
352135058800
564612521457
578639521508
570452763474
594178261267
591418256424
573133549424
576189428435
580839348686
570618334815
579006767301
584325893917
593389889301
564400723709
576639792267
562260080240
347187636217
551412499601
573763335386
579690892990
511865748836
256933352958
559006511947
574670742993
588667054855
524357073639
588812630797
586923439875
575100483989
545402273401
559082687568
549927425854
557272872275
582661853614
530457554557
588568478223
560221289686
553385834350
584136826153
571975624364
587800291088
574841609836
504938139561
590906179390
590860379967
548075962106
588131737856
557567918370
525510649464
527517086457
581673735431
591062981157
173937555637
352790912787
479706270806
579530645487
555055779024
553365596497
587946506508
565878231919
570260704418
550550511893
577332891358
575656893657
568355127641
529823509622
570974404179
587831082511
578991378867
580212054323
538395450579
565980203949
573796404057
474288677531
571305711960
592944558628
567591597142
579571253455
558891757233
556092423168
573674996825
449599517365
517351917255
587300683781
571252388209
572364761570
425087679212
559191386078
578812111843
573405594475
590475994430
577114730944
573651639904
574264616777
587368695346
593466494484
574224036525
566565212274
563589665267
577326059493
575378651829
348212358929
567009558602
570932903270
576512425368
558212571638
582564746258
535193151273
564423204758
569499890288
340614780072
572551336998
591016228892
522838798669
479642121728
567961401007
579141941275
565595158887
577685558923
572902007675
486535813289
574681680971
573116423550
559084965240
563523354296
590212619568
559427548739
547412296687
587018038790
567231727075
575664605593
562975706362
586899252274
563295388926
592996726805
560800406780
589502331703
587631983620
587491479089
346347938016
534785450656
581167959212
592803944723
567044424647
592913342997
587453075973
570806967377
576007100312
572344198003
127554991323
575890877319
576196942043
576253610135
581240191405
579673788576
564570075036
531186978876
573024064606
576572138379
574194672272
571612255321
586618576133
572296071233
576249769680
577446169483
581251757476
571638667861
573713932132
572878211102
560437736703
570293539186
572864822621
525503151472
577655326128
576117938392
577399933327
447618829816
583021039153
575155145690
570837372790
575269975833
591825159981
553982117619
550678571749
573380415597
487753920281
572974756716
570370349684
569002454390
521788972139
573953078407
571815141326
589824664081
569118024079
566963737516
577945068015
589056273711
571285131950
558012362388
571499147490
526783050932
564474549455
577637410482
542460211355
573385491784
524307836325
569336798640
581129558079
573511021010
565726883933
536408044643
590798069542
575436197336
562548641725
553850187639
571548051296
546943002413
567830922392
524220734959
552787481693
576485729674
577146935020
586077442598
572469331987
561800091640
591109851695
472171310047
564922498386
548275938814
585608761095
571494146427
576101144777
585221258247
573014979915
572917783887
582813498925
552750560354
575075092946
584202875664
573471796458
575415141772
571159311474
576944873144
569272470488
532450925266
486291354928
577081164769
337548482582
561357844643
558214857461
585752310030
575005622660
581335747090
554488770149
574121254687
558729331080
573378156497
562842609605
585671394311
571861990506
555318354944
570182836101
579634573995
576042545901
583304323375
544517294649
572365831247
355988663307
587841100596
561255015091
551729265138
512162980551
571279285930
570198038849
587124411710
455823979426
574582251942
569819014489
575518582504
575852507628
571891933150
569269258063
576800596170
571521655140
352638170410
332007768830
584188360480
558163426443
586699116081
568252407786
368706752139
559855140678
381128011016
512493427057
530920112072
569086298043
577342345523
569887711610
566851798101
573425006735
515718660942
569447897664
578575663277
576219533517
576028495043
588476884762
581832158986
565357477990
571906555565
571895191171
564601352804
571666340783
565873879709
152628953771
571643994266
574746496227
568335088321
573881923762
429351899400
569020716873
268099490743
576862870063
570527684764
526060115565
556917752064
557775611378
548008503286
227114635083
302601153662
565105489749
552270662235
530754011557
561350739580
564721464170
563284026293
568098699409
559690961012
535221728644
567385089946
572045446587
576429461805
563308282715
531540418271
545290003224
522139504581
569845318294
585947413523
522225369600
144705692224
567977388082
265701662425
556582330759
577468854048
476933604239
569926551528
584047427354
567257279189
569459956932
273650694874
552972914514
502349660389
563434440816
554655821051
548550104449
565589666266
536612861776
556271973340
568733099441
185386846067
567609093257
569100553600
356227357280
583953289244
568362484097
544380686039
562060723313
582055269673
445431791434
562868066221
397075589132
511802199225
559691975374
263628207057
266583733861
560241746835
564242096266
203457389001
325335685837
529053306289
194037188110
566343782877
516619972601
568686920362
562165084765
560842861120
560674828406
562345388520
555427745754
19385608462
349288923821
455717102424
559522911626
545507323963
540722503428
154077088903
352641486574
559226505159
359118414393
528421332418
502028078747
361552479413
561250827747
560290660286
554579368408
517583722327
540690948489
362067346096
537480391862
561915334941
572562668969
580949844154
581145168272
574146077524
590291769886
589443536666
570060989833
578152349522
586464038304
567843024847
556596910586
584164201236
582174658442
545181120717
557567918370
567622298613
561978584242
209873137668
383461118707
334770131967
551061344861
577066086330
582062057650
573725601255
561542778025
566935707254
585298688542
577346225034
591361960209
590534061099
579790427589
580591663874
576667246806
560240987553
471857528642
574186831163
559919832432
345270064047
524068799053
563036095475
596420704294
563175465970
574931373009
541792695837
572072374113
586355685426
578449301976
552675129944
577226527627
567082643664
237885550408
572087836996
594278540094
586189260073
575592057480
562402706605
593855073064
578227072217
461370781483
533396092556
593278511121
584077993777
573704810955
580446397752
564891879002
582635240910
577401789592
562845041081
573377338980
578752703141
541455169008
554288440758
580029863627
573208996409
575385883150
579561836691
571292304260
591179356173
578072188742
353613105428
580267100097
563127005273
575746120665
573978584020
580473180875
575512994957
566162782799
553226394314
583138944778
570939326321
590457003289
561017597809
566135089226
582851692452
550002584919
583301191720
577443655642
566021882667
576722021249
534982301238
573658017033
555122019440
587809945103
286596325643
525237574275
578876094363
575188917651
572713123929
572753098830
572263207987
592409260588
576173363615
578452960463
593310787111
576869845223
569802039245
582778016431
582520795926
580833007018
593478320683
572246647873
573243913853
579886053055
594368553753
591216757308
568803137427
576332410064
559606770839
575044461129
574475773263
438892728631
566186983918
562599239155
587764055045
572940496248
143847336361
591961480741
423766504362
564359937452
575896841942
577160520581
570335527507
340381821921
570921045401
514700394341
576935371441
590533810977
577352939976
559221446515
572624661090
572225709931
401850687113
508644478050
552609065391
574568691842
577167107811
376071005973
576347204553
577557428170
553192498356
578959523240
577420475082
588025225266
572061742981
570844602738
585549561868
570213934636
552081747636
576257049265
524354575054
571910684001
579778520587
541881383603
589927682342
589952159783
576296198590
564841474437
291057180320
567146592186
588381137454
536247137530
574378486161
572076648939
576161108907
587084882450
576072961767
558140439218
571455847624
567895938925
568903802976
567516559941
581570616835
575334297014
582674707204
575385737145
589006270243
567080386494
550173252229
517251517560
563166329177
562175316165
573069318679
570814721449
559677768099
577543589891
150058341769
574708186038
575491768520
559074624250
567631497811
557655762940
573782934462
454898059252
575935146149
355042637620
566166727521
555295852018
554519841490
570011159941
554607874291
564612557916
550237167032
564444397975
564692480100
566636431064
568229131469
559941898164
542827853328
560979954007
514039549864
329253676933
562898942639
562407323543
560154397084
562144437150
573482025759
559068490975
539994360626
543852951449
571206554891
568777212675
557980591817
559717598357
566146627111
552483944684
559975365566
554665006669
556918058714
568823110410
559116980461
572721206306
551574689916
522078185011
556485707653
557316536714
541836737043
346273753646
561679392768
539508857932
539659908320
529837911827
479677283652
487854621862
533808956897
369175307943
332046104945
393226721691
390088358223
521360861572
13656444397
513892741842
249774201933
341058400499
551427705385
595224377139
507907433067
583006599373
562640372947
597129620503
583074052556
566651970922
574789585108
580155366326
564370760828
554940885980
574117807728
572913463627
498990960401
565821984372
566367668953
572640905066
106713860208
574265205460
577215829975
573491438708
592593866528
328183345261
578850382567
573617604304
572499300524
575145828568
575324558748
564474549455
565777885828
578602953416
575782940889
571234682250
585133506312
580735556270
575552253679
547273653972
426249702714
549617441410
591469994768
572412525204
543780574860
575239604120
558705944200
571242614103
590356128810
576719705802
570286346039
576132783850
574734878954
574081368759
569915370106
589933061143
572106647456
537955314436
543318534439
567664917852
361329804031
556468741715
532171076341
564251005661
378410842670
571087485644
552199967352
466384878538
571758145446
561771282041
562834648046
558114766751
515228871286
580182794295
565015985368
582869428752
566142413212
555396561493
562531441584
205450367775
566165161416
567869107398
567949168808
558739643977
519892113236
329400101193
354469246656
557369431891
558132417105
576856352286
563643306663
528419270577
560228130215
541499415951
346305691989
569951853841
345922412515
573372100626
501564659386
505794002003
541909711603
537711285964
377606889004
567375892248
572111015450
524416629371
560964924582
181839771484
331069155655
516277273588
538344030631
523380225155
518006717504
348842998048
534542234910
569293831207
560457612588
513521664437
546296606429
553488611350
361482475940
42851423774
100559507144
559473650176
366225411151
511543464857
549893865028
530382001262
550951877344
117026618064
530021017054
580029690020
593802471995
585283208714
572367504152
598065483033
561056308845
582223578759
563507051505
574108184473
542399935976
532762632041
589121353003
505714808173
580415692498
523744423538
596147278881
562600739027
582512021195
203056265910
562260638857
580706634448
564366489956
455464313906
521392912035
489000619373
575302224793
247228979987
576893248092
355049745635
596173572901
569891158977
576572138379
586346060351
587777372160
555629399634
298121716037
580166032580
576864762829
572378909229
521019961817
575499274677
572540709498
565357477990
513077982611
589464505388
580839348686
539083696605
530230904202
585655024674
524582298525
561777754140
569671747701
582756541615
563917329322
580212527510
543004613233
505856635515
362009788580
572699931906
222156657676
573392958813
567300181918
523187601626
569270608802
540808763691
536684836947
549478087077
576701059985
557661007572
527280599178
573055947064
578094320088
350712454212
580749997249
578007692240
542661937457
523598296228
566929025930
570293539186
567925937311
573753062519
134954358398
163025969474
591308658471
593446384660
577957811348
588131737856
574711919468
581493669804
577861554662
577518574303
571975624364
574194672272
573915608293
574841609836
590860379967
587831082511
535356078487
587692826117
570150060249
571253260398
528802903052
572496605862
418954432640
573488624233
576908359646
573056223861
444227359847
574756255199
558212571638
583940555313
510127004666
589604545334
572332657263
576721742995
514461561534
542273281564
566521232666
568955572550
587112134411
584662886671
575853512508
562975706362
573082201179
571861990506
589502331703
570591363517
572373799101
571935577681
529069205892
450495044582
561646085019
590066848547
569272470488
586197968898
575852507628
562061433688
579006767301
561923320432
576188791764
579884890031
525388174985
561967472624
569822324419
578608241865
566348601298
550243537593
545649023298
559104592097
584303595012
581037302948
571421469523
562731918847
557637534281
486449869052
528953796860
554173642484
562165084765
575130339221
574859293825
591109214488
572305368801
575466222218
585934348599
588754423350
551427705385
572409172834
527341671789
565491494611
572263832148
555104578205
567578003101
331060626396
572616598038
574520893883
578567145166
534865464047
575782940889
588678716472
555318354944
550121932535
567448780209
280628081196
532477349769
388675050506
452661079221
509164761711
573701668245
572907897478
546750554599
552223952376
577484928444
576083288491
566359403074
569866476811
524916679586
461862453804
559118493015
576114608011
561806454263
532207338661
560827256575
533708497314
267957995781
575269975833
214566878675
373777559065
558747916032
358052883672
283423246581
585608761095
459341405879
527517086457
578475691523
164538895328
529046862462
561674706153
590586775830
577342345523
572726083305
443930336755
413275472691
228692350512
532557503650
521303922583
581294540850
552720580432
578740112903
573182458313
550094027682
449112361098
319219316985
461331090925
565583452796
541736586205
575511444615
571243447232
558763244670
530422012396
374617800199
571521412206
570716404312
569336798640
475656166584
587285519929
577208255496
571702347630
442533308307
571073964995
591021279253
69344781949
563933450380
331264856333
519532478391
575515643420
338488624307
526373360529
329869066720
118169194589
555429656058
567231727075
590446284563
559961194224
581574428463
527789746148
556164559485
169583758662
519159916654
568335088321
538706400373
564756082774
572039184280
538608891124
530578108254
553307309826
575167075847
442779826660
539590476313
357633626105
566512691070
568328416318
563800816224
562674915394
542516191528
572364761570
335909384382
544321555447
567837869677
530416373949
512341410411
526778682303
550190716102
431627618468
276749054778
494410564908
563909745060
524246586473
579542289689
572094188193
542250575660
474881388004
211283894070
547993487901
519629329361
468034116039
468321815222
559367574016
527448127728
524464843329
534887235564
545786100630
335862200270
533259462317
488135352803
535864365080
354614005576
355988663307
528655979031
577555281106
579741399361
560655628865
582883402636
586376394916
583803434765
581702081253
594529792819
597842404625
581747448726
581500988636
584208367052
576478077616
585608761095
265946822659
596654699297
592303572779
592359988491
588574559028
554095033340
581832158986
577666002553
582293070220
119212852113
578105907090
580635539610
568745480204
567915598580
594663365432
583933921738
594654673720
577890055769
577904798318
582145244302
539590476313
567691011312
585540825612
596834618135
577275354240
596894541088
554048618576
576631094389
576670900426
566325665783
581028182163
593792472372
594407363897
577426329675
571849942278
577585861203
582559958462
578273699681
582357500345
577589754980
574940372294
566850085631
576846493823
577285998709
577673984851
576240437106
527517086457
576639242377
577079693170
577736490449
582112459399
596333669156
559717598357
576893248092
574471705435
583289210309
576379770491
567925937311
575878436189
592092726314
577759254253
577509018731
581701629362
538495874599
581377214896
578971601814
583536516526
576006833794
563356809546
578812111843
447472216332
572000772165
535544884249
532662612359
575274476135
512236270667
589135131657
580839348686
511913287375
564948516138
580194137579
593899606828
579335060104
506245699774
572762589531
574408329327
548231217075
590093280019
579188868743
593461727249
573153035200
567953959405
577749945792
594438226463
579512226254
575135416140
587221378349
568049287978
568464100735
566149277017
592641788696
584900650240
586262326307
556635732325
553824980548
531458819747
576540148609
577945548982
576571319218
578100214506
568875468628
574289679447
574156252369
567043500974
570260704418
530196158395
577527011538
572764583767
574454771694
328501231212
575787077132
588435723532
593620048923
568412390872
575512009292
557961583133
538419978571
589246091288
592164513324
578791023848
578131971211
578412681905
573989520489
576940468913
578537841543
591047559462
593384903196
571626492160
593333956371
576559926169
571957887839
571300798275
571351966075
577484928444
576410511340
574983824204
559042769128
556227826022
578508493740
575513949371
574646071250
567684428271
527751129931
580159566540
562091688691
569649750626
562864761750
569888580756
573024064606
567819986280
575137902220
584325893917
587453075973
536027070065
509143206252
571975624364
225178600341
575043739857
576169980876
571329538524
574141942108
578966375362
574311347811
573500564072
584715453204
573815348311
574380158571
573796404057
577133694214
565397065170
587402865679
590860379967
579227875567
581750990501
576549847773
551427705385
574457054314
588131737856
573237622358
578845638119
577326059493
537529787682
565246373959
576341008090
574699591528
577551758744
573947696495
574400932587
572364761570
586316534541
573956388974
576544571617
561149006823
579006767301
573094660018
559844069799
579100993742
587288682020
585671394311
573799375946
577347769068
587124411710
577332250056
590269058861
575527858218
570293539186
587800291088
578171328487
578159081409
576710857393
576091876766
572473581234
574333945245
571841903197
576933561227
567687462839
569272470488
581675712014
572543820908
584662886671
573953078407
591781420824
570837372790
567830922392
569459956932
349370415912
537709210964
574589680863
583304323375
553613325563
573343613489
585257458447
591599769616
565340678099
555166563196
561380920642
566906283186
587547888913
555696901166
566362172224
522762972236
558489361958
571625273939
582268455183
584049151276
568247107189
574863080910
568817661082
98573504217
589435657768
571753207169
579565394858
438671019597
587162483001
563604962383
559678453384
589700182036
571387218026
540657199348
569589181263
562243747524
566019205583
568801149350
553725306615
485874310234
550588370928
591114425371
569257127080
447174533294
532060062816
564154228874
535538467891
591003509524
524637624707
572644275748
569001110865
579863080098
567655060809
518393992454
582087068954
584014230795
585678497038
554304937287
590593067813
528993359352
567661629287
562326914157
589432917801
545600003058
574736761046
569363695947
531237093834
549773296386
228566341826
568435595644
509897353871
582917982214
571111714837
557751671703
555751133671
576263818188
551197736697
582674707204
581655942693
569806195691
553193826552
572539995863
525954222330
540490802422
560067493625
525984970166
522234538905
346209786679
574060432815
549946806899
572853649072
557677884318
590362610985
533171721719
556112206739
550802502731
586373103155
548935289289
523302242890
566789180849
562841904315
534321860304
558537257672
559652518978
577889354267
554516822593
583251004733
572702663305
231252364739
575279426744
557947745772
554911013915
575556577325
534620813763
555183389031
569461920953
534237180960
590568864537
567280017315
575832902320
565323472683
566832174456
541944381290
578007692240
594654673720
577227208314
593338258229
596333669156
594407363897
590125745192
556227826022
577399293269
577306592342
578131971211
584136826153
588131737856
575621445188
567535817082
579546959311
588801609739
595655411750
572473581234
550399552673
562692266364
454108302955
571236567729
543831715440
582564746258
581970739407
566363661310
577484928444
551373561155
565803826162
592779862843
595842423058
580839348686
573803792385
578031094941
571975624364
564786999281
577841524401
14440278840
571514045785
579470435567
580473180875
570077593576
579744231348
578670149509
574454378387
561766721315
577518574303
579558926264
580159566540
574213351249
572320721200
577726587794
593220738596
588365027599
578062327941
591504597529
576095258574
547092366357
578228952497
576009543130
568055638690
577000489700
576666572249
592693596196
574747522383
565766815666
574981068763
578009577090
593176857363
570462241744
562774191430
570837372790
515718660942
580505799844
573358402902
574507848778
589779980052
562592423618
556036544334
573405774927
576846364044
574646071250
587597120811
576754353613
561806454263
577667093696
565517486913
589113861939
581286994603
585821028866
574122212417
564474549455
572582080893
585288536634
571856196534
576036433630
573682474346
547987881461
338823407754
575652729552
592395273237
590847885349
574030826056
573279258725
519987822786
562197212670
572781070166
572702790816
538068981863
591307255592
584325893917
574922904100
591450266137
578681018827
578608241865
572974756716
575859974286
572917783887
577950211563
586748602374
573118705765
590976001566
576006833794
572895565673
588840554300
585956097549
584726436881
586363171085
569459956932
563553333227
586334213134
577812054181
575170100177
561720620025
573471796458
571294627701
577735783113
589755811363
579004291870
575210819740
585073282058
579473887914
568764623310
585283208714
572246220906
575269975833
584662886671
573511021010
515583201750
579610034606
563033754488
571980760674
590568864537
569904122737
575579147186
585393128207
576787026671
574853762707
569272470488
584045211660
571284435022
570656539766
571047657559
586655821091
581335747090
576991480007
571580725824
577342345523
576221962273
129337589871
576141300960
574888756097
559941212923
568301684942
571980294342
573794945246
571234682250
590263655957
569502245584
558184532247
567458589297
559961194224
568310933043
574085479981
326841293020
570458977921
553302740818
548824819058
570700700717
547877892346
555122019440
572992453030
587353165869
570717218455
558599837624
572192631020
562548507988
574126732828
563610212195
555704493818
535666833535
587070500141
557504740343
549973981163
523565781214
531302828586
557034426449
578753557683
578217214545
583547183087
584692818441
572326660525
593333318195
577002877554
571838696113
578011551820
579952138729
565644430711
591329553463
591106503478
579920621290
580159566540
578604416433
551427705385
577444649191
581174917148
572467913850
578067476659
589049253691
566861656376
575269975833
562561935290
584644201225
586485143830
591406227222
551332754125
523673350998
555083253747
576095258574
562692266364
585922389157
576474703731
574789051908
594867202866
581711642000
583289210309
583303661263
570617783122
569888580756
589135131657
590336857109
580663256275
591233158967
578228952497
593746279473
580523598738
578812111843
577468211564
577454720109
559610462032
574907032699
588019707195
596212886288
579248353458
547204592421
595142498091
573024064606
579480915338
527532814847
580177886653
580839348686
580256974500
571975624364
575283168583
575085841290
565902105201
582661853614
570324086897
593382890285
588430137610
592705908002
575090237769
590951402028
563438895958
581805504173
592821375510
575920159107
570535620019
577484928444
571351966075
573857231978
569374016718
563002643706
576662990484
574225948223
572379198327
586963096066
591707315729
572549537998
578197680608
572614552408
572917783887
570799476089
564474549455
539590476313
577091453878
572974756716
568027282837
571861990506
571884082519
569677201021
583030697782
527204733664
588514894903
570706264774
574924575706
586165298964
576530775279
591371881757
591347367449
585898224645
572748310604
585596274944
591154399508
577044345550
584358446640
574816988291
566369290725
589466125871
576530743782
569030313751
561362762395
573527675857
574135782103
576196942043
578449301976
583457383364
567781957366
576559926169
551373561155
582710979810
577919809608
531023049141
581852763592
577326059493
567650642114
593940623142
574344099415
579742079398
556952204270
591405579059
593662297125
588131737856
573803792385
571975624364
579691101884
575429719108
571399162732
587831082511
567953959405
576410511340
587453075973
592615958291
571685581578
553275333626
571594533505
509584727738
553829458706
593304968723
593278511121
568745480204
579040227500
571329538524
564804608613
512848336601
556477545582
220920154524
584492069179
551427705385
567231727075
578228952497
573738204524
532872793992
592198433052
576310490013
578608241865
524433104720
572919344197
567737780396
569822324419
555710905330
571073964995
574646071250
577484928444
573140521065
577541093300
541356893179
576815932647
584662886671
579748551842
575269975833
552536034397
571304527730
564600814434
567830922392
575518582504
569272470488
574880621017
569459956932
573920113305
535574950202
576881352886
580165292712
540360894904
500665184518
539590476313
562623079146
540101123828
530235006695
562394136576
530151070682
572315869982
523266878716
577572853455
552709782257
561980389011
515124896644
577248470220
563247431396
561680868448
565605742299
578990274895
436780022659
574937329484
564099929342
564859025392
571975624364
569979790966
470888188784
575428049224
573820446426
402540066061
590896958777
532522927718
547931460489
562677743833
581784590089
526611059897
572950330974
575950588645
589880187683
381583523590
571296276593
562527148023
565832623816
159614040233
590897714193
562214060534
573454687016
573583506798
576221614474
551658235132
548939671260
569049662565
585676964104
368538680000
571460368449
574345109419
585720570368
349243309547
571220024957
438538524516
204836334041
512697517206
561281352170
14705534690
502072476084
546106293446
566785644435
561138626547
556634854496
562170566753
258680973323
574762581947
560032013760
330244935368
585377035014
184544831545
577045290441
576680439241
411857328657
522067277367
558802473183
187335299127
561579262087
556049866996
540267253547
571521412206
575290422406
582782397729
555786994263
566424315753
552362523719
563409536804
582190977834
574232964036
567494931288
349119597135
583064081970
579770477362
579417570581
580967342123
542333125363
526211934175
562595117007
574996672307
512682578033
502348483812
565323472683
541790512378
551477784996
574174963729
531650525609
377707462380
558718087151
568894585400
554487073929
232152624812
521048090230
555923860356
509588124508
439359413212
552218396112
544160893087
535733557676
518220000865
538188203018
345826891867
537809404748
476671001539
77042654553
533287552875
536540313526
519664430350
422085818395
518903623602
173674269003
537598887485
510929661641
519159916654
517434038885
503058886908
153775010639
516258633115
121277826776
454741036244
512771346019
510603250294
490285116040
130624425469
347631201864
30184217121
233948151055
329824959567
435496387442
355112329218
424385324387
422721054517
156735809418
473699141879
249587834479
379430453766
95732165
579227875567
583718092478
344486771399
591599769616
569706719547
596935017775
595202803739
577580179087
568358940447
337942062316
583654334245
579006767301
574646071250
579060809886
570974404179
475138788014
588131737856
590860379967
584325893917
581702081253
553385834350
592779862843
474863956158
560961654523
562165084765
548678434676
586165298964
558212571638
555857117434
573355575477
520373736187
578812111843
571975624364
576353723270
570847995614
553020771067
579230910191
329614240183
536540313526
563762036991
571324157030
577484928444
558686691319
576098571668
577637410482
587453075973
571861990506
570293539186
590076814357
572167257722
576304055310
571129099903
575656893657
578608241865
584046223119
576210825370
574520893883
572974756716
576819512577
551427705385
557155488881
560788370289
580247057067
585263070465
577342345523
576201957859
552750560354
591369072666
334729767441
582564746258
571771928671
571514045785
567407068013
561602338038
560358830004
577011340350
557283277396
576743990074
180778293912
556575259221
590493396527
575269975833
563550485873
587800669461
568041491597
584639260974
575622232205
574853762707
555902561695
553472763980
584662886671
575203054799
574279236512
522601806764
569653412214
576634286826
560879909627
583021039153
564162629779
584737783818
562842609605
589794176297
575400608237
564666630240
565357477990
327007580572
580622051608
583127463956
585283208714
559857192565
575298681639
569045474138
575941041639
529985351861
571412146892
584404419594
360364956013
331586890702
577121860864
565829018729
569408138764
584404682009
573886802832
566856408532
559369679963
575693484263
568128664473
582291055643
539166096332
573854240154
574602106813
569646971449
581832158986
569459956932
569303893470
570260704418
584973890560
560497092862
553275333626
558003692147
567819986280
571073964995
572109334946
587800291088
572473581234
469244306469
570990015337
564366489956
514751855984
582041355839
356580424169
582031589637
555705514708
589841639445
535702832176
525530074728
503573901767
564371429316
566010845389
538940903929
582333060361
519097486760
526577209517
570871709398
561319488190
563382116260
586801883665
572702790816
550121932535
562077632900
341320947662
555215263978
542317288226
565323268198
561119866838
134512998287
528760505969
545621897149
122115734496
450236695200
574207781526
521019961817
563553333227
575890717976
574332265882
572691603051
577801813184
576400745047
541632151405
576286796742
578228952497
575678669519
578353725672
535274786176
588801609739
575852507628
570837372790
572917783887
581335747090
571975624364
576322969523
572983146058
586963096066
569791455080
574746916419
592711211547
576181621737
562091688691
578156011310
588298048060
576666986465
574402151057
589502331703
591260349731
560899278807
578475453387
575627933158
592636212243
569888580756
578608241865
579606237989
527517086457
569272470488
562842609605
571514045785
571211191912
564736903297
480214138778
567830922392
586222765056
574956284308
577269455564
571234682250
577342345523
574338792592
546107118379
588999579948
568027282837
583474409740
217033711795
576772702624
576211125476
584470899208
575881229806
588789463855
513258175315
584766383908
574404950221
569459956932
589144311829
561518359754
587666621460
574990302139
562458332511
567235913048
555318354944
557557274503
585442959673
567584301533
581678872111
571669885486
570000283100
521612542294
579730900234
577889354267
574214875296
570592057790
563952871794
584590719514
564565266514
578884012811
569882327012
565080672111
567831565503
576771560247
562234418267
567231727075
567304455611
567199554481
558003692147
566254900205
575269975833
574323139845
576326084666
555825133451
559667527746
408606956783
564333281256
536484866726
298121716037
571218221866
542896998390
571194544158
562342704006
560353997267
576705874203
533277221956
555758543229
525907589227
549788972474
539220141226
535020667650
550385345179
550752561266
570753340688
568275160123
540913747736
540645555490
538636166684
561879198637
557425346188
538099223302
556507960711
547309762636
550155188057
520046928997
541486715421
557543542959
107108300272
524842554454
340676567007
526864045172
582817767919
314788187959
572713293125
560754488676
584008423587
578385456590
545228620786
592760281641
579358640782
583685567525
570280584021
582796817838
569809733967
530629849493
575679555724
577643123902
516045400266
577488095173
578450586932
574219141998
578294327734
588085469967
563762188022
359995935727
566273340530
578228952497
576437417940
583362928916
592067294237
592341990698
579923746362
589653377842
575909855190
520029892059
562827940340
556979768451
575314651359
576101144777
586197968898
592613783068
558915203198
571422702422
562814440949
576030555023
256933352958
554085060174
562521817077
591599769616
577484928444
589338876222
591904339247
546281627901
554343360089
566313827029
575413712570
381128011016
565357477990
587800291088
572974756716
592341032984
576815932647
586992716803
591695899695
570122298226
573803792385
579648317096
548161723159
570483743562
587149983248
591071866910
328501231212
577410133957
580622051608
579241750447
571458271600
583304323375
540857560776
575509925517
562210821115
589869215781
580282392233
574348188123
354741114328
575730160273
577489997033
571073964995
586165298964
576441188329
585569088056
579225556277
571182905471
589840975918
569914645036
581475885869
577450427336
576538290568
567758913131
567144700518
571234682250
575269975833
570974404179
570260437830
566445062024
555249604818
560404970738
585589036600
465485382766
571216985976
588441258804
584980695556
585969143564
566807858851
584272448795
576593554366
571825079636
561782732544
576368979586
565843025372
572627893346
516621894215
578101298862
562581442468
576741412529
376685294357
571113514097
588495991350
576068647817
557049096118
476451113822
576975025632
576328646273
548817270851
572361493175
580145764620
574679776212
569758625366
574799590356
559473650176
569813561213
541445648112
530087330247
571742779403
544823383323
563183466984
570819201656
574690264472
570667105469
564634955601
481364911128
555301869876
596998149159
568027282837
565357477990
571514045785
556227826022
562243747524
579874844613
575852507628
567163004029
579470435567
564850429863
588901272625
581335747090
583060579278
574088158823
567830922392
562692266364
571172586731
563806157633
521973258646
576196942043
572519880296
589612688959
578244075499
584715453204
566227487795
568732528029
573787098740
526788274160
593343001874
564267389149
567830922392
277333541880
572713123929
576359344534
539590476313
566273340530
573674996825
562665802375
515327957650
562531441584
579006767301
568100147782
515452731548
577326059493
528203503250
574756255199
210686886633
573953078407
575622882517
589113861939
142942893392
536698065217
587831082511
583021039153
519635217265
516045400266
556227826022
332933778155
582661853614
592705908002
591599769616
574983824204
584325893917
406536950842
574880691077
578755743470
567801006473
558163426443
575656893657
591781420824
593064006958
571567305850
573201336138
354854887231
520007241897
581335747090
560040095990
576559926169
578812111843
555474765824
576322969523
575852507628
584360099637
541925573392
572824376421
563753990222
590231020843
524283332723
566370103251
300192917697
542775238787
565494956157
575513949371
570837372790
314788187959
532669613566
516249360539
589757765681
557557229824
579227875567
459568749643
571975624364
558390487984
379730561561
593963673109
573372100626
301441334892
568619181638
546491247717
329144146270
585107428389
571496855388
525163243321
361361216492
546145592573
581270613822
290752287299
563839715034
358725267776
64492043416
577800568598
531059173842
553961345613
556757064125
564276492946
35189126435
221080183092
529029306756
592757006117
356729656939
571879193932
550905284932
471703666645
576183413190
553020771067
523006931315
584325893917
578241545452
589890127676
319096809102
581873656324
547433865228
341661525392
565357477990
544336322333
496513094444
502095068234
535234195097
373068769328
437263943563
580240812860
569230803868
555266301701
563499841717
573448965142
539473332025
462718524537
520192778199
467978094493
557732936133
533289220250
562779275250
584662886671
592401876750
560285026546
255358832299
593855073064
563220896506
137563697192
583301191720
578883662019
596232818730
342863939376
97733729962
592476665130
584900650240
404399016717
578345562514
575269975833
554856885335
353400717447
593347796245
563409027834
575852507628
580030639556
572684068638
578363632004
577403599252
581999223471
551308847962
576621174721
574931665318
590112761402
593167518224
576627577490
561692050045
567199885706
578220094474
514706660057
586830671664
578136672231
573737993288
553235215427
463967172061
591971465513
446439575963
576230641892
524502432268
578527672071
351256027073
575832902320
591491425052
590622417957
589304072250
572533305172
562512411457
571536937146
584102265905
520480022015
577593720041
567830922392
573520578372
577711861308
583021039153
478411011070
574415996548
520655753169
555682220126
560848774817
581294540850
575502006929
569185828317
576608166122
590362610985
576630328367
544823082996
577808744970
191530148688
557786609808
584923259403
575955792015
595814842158
575677759085
571975624364
575503972164
577758920401
571514045785
575617778840
564133442417
561191330548
572807969097
575794654085
578187592174
589296433726
572823851091
568817661082
572920595673
553201154044
590449649188
591239993876
572075639917
574481109714
577172110533
590914994193
564052765138
590714284823
585091941378
480214138778
571136151430
576093409714
564001403203
574241638035
579009965829
580622051608
535132475407
575735555511
563550485873
574831525515
584500969481
538495874599
568027282837
583021039153
573917577147
572702790816
572492590056
573508003535
556324045434
571957047610
575473141162
557492639475
565016492917
543167835157
192595927554
569763271108
566849049071
566608685458
569536917964
552750560354
562447199827
582165246493
569189643580
560314862196
524222681515
501308474531
550121932535
546434082431
568575825061
555760989661
575382675219
542238454518
567044655018
544614177461
329699528107
538744592627
574179062323
575269975833
565040709803
373252214831
572974900017
557713004976
560778398380
559254155668
545415171056
535761513337
516924760905
555818628790
518183394661
534126193803
550910503050
550748636280
556629040328
555430597666
281486970466
549084309401
554417620897
562135145017
543947900277
541267623701
519874665733
537906249063
553440791346
474070416869
539749582810
522542466105
534033861153
335998287345
527897733590
528286965654
530085778231
511997162284
483742496509
540588794677
519347178305
368530546743
454843272784
335663369915
488161882190
441565821571
540646336830
235102214503
334542026641
145361460044
350570130009
146542101112
353666707187
354386013454
484298161196
111396720105
532380982281
590955515950
574383724136
577976515224
579483660522
361168972971
564590110933
592761605143
592710315546
514146607679
576115397057
548311365182
568018525076
569734181837
566371899265
562439030729
550672953685
587691758647
525733803285
529861775757
565808274779
575860526799
355073148007
527656415018
558146740722
356150171953
585045780754
572663743787
539371640306
566135717221
585975562021
571616164360
332292500450
256833108512
510848889525
566324584559
552956541433
520790389196
546562473210
134712888771
565994296604
537167220117
