596755088665
582086277015
577212626899
563264544536
571144188517
586640703660
569374415041
582192559331
578185537373
579223457861
567805898998
597499177744
175042046897
522649396786
577651880765
577569344624
569017377232
574178873705
489120262004
580860124204
583252867253
593614516018
578367620548
562089468488
525484843285
567849258495
577569769839
582280022145
575204363940
525971285080
543210578324
594046619187
582699767478
580838334620
331483758077
471916685437
538653598594
580158825939
568953576272
577602144105
465630187121
573858575161
558309996872
581884026081
442054209924
524446299419
392141870395
487604698577
581188408970
568395679881
559550296444
580137381777
528118115140
580966880140
560907082230
324402072330
574253105278
462546166611
579482413458
527675951265
566030141808
575110998282
579874150315
576976454610
580712698823
575283999967
573673797232
581191685800
562177926573
579376084110
568985780812
563307664630
579773500852
593748629294
519967501261
484663754898
578365729085
579964959664
542704833064
339293726104
590595294757
577565152218
592175481887
525714677536
561239688639
448302869072
557332158167
577919878302
579532316699
522128377359
575918784657
573808730492
514975856496
492251908802
577124084634
367537857174
469906475868
567816427411
512881895030
519515262472
576022878014
477138037630
577349738131
571120514504
160624409926
510366965425
572671323487
570846256754
523042391910
576718568426
520262865802
574186242145
489942275693
510272138939
566786586972
569841187654
574426919575
470240529782
350967532146
535820897836
478001158414
560955326719
498771106849
514426909379
557318891484
576784075491
578906496494
512329998992
502775740446
572075387230
351955899113
573284069195
517533322690
593186885909
560845065714
558034184888
526815113472
588275535930
513620534620
573128086091
577819131057
576111206084
372095436841
258605700784
574291915232
561026716553
586619265799
562216683515
537170026413
533203913255
565888611428
564314742864
563851232225
577845008578
526934538772
506392849229
511230725413
166204260592
563665716562
518830913543
574340605907
563103157159
577749514179
577107604935
591462720276
553124601451
551024973195
575222876820
557092308338
570976389241
571503404885
562790224471
427532424291
465734065046
573503771095
529712303513
556232546737
345943421978
568857528587
362370960803
517381922906
538866798151
540179592944
371474279228
333126748018
400675602173
468063070679
460869758097
124838459018
554809321047
570017798747
562695945876
570812231494
557872264388
585499865385
569239664999
558895185576
459660612225
557792154316
555167835641
557945961556
512396911739
463312664545
523126565091
563063911804
564265401169
555023826224
536382880828
539279701829
563141674868
506285471607
441992907228
456975230933
549595311903
579780376628
559135554143
480935637528
562168542570
550055311680
571195666081
465137591704
500254651876
332710917236
113284815366
434669413208
523337910094
517233755314
470213902975
281469732749
464207202120
539170440947
541654555891
514200464786
391241159825
552442163025
530751882325
563308639630
513022031517
519138636493
470253806029
524473608091
486059395663
552050159707
456632920636
553346634467
517476527515
570740129602
521642998836
471653301661
573854622791
514608471031
442789919697
267551748226
544219806696
592439073580
555868203657
569598085856
528811783362
530859338918
578073112217
596271600656
572101629840
577886095277
552364711498
572732682830
583175745518
517569742314
481196945034
560987549430
552622715018
543890270456
295241954469
476148150700
352178503752
339390014821
130112683095
354525201169
575179114081
561051873011
570451599219
566895770355
581021518760
524291938835
579639264747
327010544225
529779493660
346216126110
569264554697
552508244810
579103157167
137761101044
566301298267
574885290815
560030887427
353062908377
153176124305
546313631706
551302440438
567441321163
538721227288
570390837695
522811516610
513285896006
570506099435
500388891927
573893267982
573429935889
248490585200
339881450196
387220780131
354356150006
483754973919
542206830268
210170361604
518048999588
511637710172
531479799206
537475073742
513714802670
330857165249
518708764933
513400864919
443765439556
519729486837
308665648846
351639267046
467433703428
169297077280
280289586
141486089111
497606914630
516623958709
560221532845
521642998836
567202052848
491938538814
590721715988
349143618894
466406804161
584329451285
582320767181
582911040033
572292411241
576729374862
557995565759
572864748714
571395686752
580665147929
580117490080
589482311687
579429110916
529503769397
574489544795
577911420800
561525591792
491853480261
127260823747
574023127154
587454561286
592420778009
577613844693
558226767186
576315944919
488786956165
577917562119
577651957131
579342494702
577854493070
485913723394
586669408258
566707548393
571486066537
515103870896
592714640422
577817481867
568518345919
578374149430
574614753863
578558412472
561882356479
559463689062
524090718433
581383184038
572647498103
578225457341
573535755619
577869969867
578848717509
574994868183
571738836587
578106543595
580980345004
575630952580
573387354721
585886215701
573597783878
574500460242
577313840367
590093880110
140730605393
562049572599
572863823723
531967507816
573128086091
337517823136
523911937147
575510482866
575327027093
531503422640
531275255488
474752993933
580664958509
557054829776
46653311093
568203451583
576863020013
521551567848
590547423270
570680435026
560971490037
572088381797
572968445462
574551729873
559702767030
587978599731
557619502554
513411316321
564843169343
334781106171
571611529322
337529687227
574009745616
573769945094
576381220069
787021143
557226564272
567617497503
556749963762
562419087175
576744697028
570937976655
589885667624
582832320262
565047466667
570215386589
516037568268
539788077041
571329814449
568239317075
558104038338
570430697702
570319641814
562395896414
558467002719
562246999476
583626924594
240499322580
573676162510
542171723622
581760107556
571446037248
567571527573
366339731206
515336447916
393931860790
572500811241
566478569873
583705209872
490028095212
566654708597
575381572633
583166124095
544815222010
549988707530
519931665661
566759590250
571192993506
564476859486
264755926943
456701857918
558420641730
533164247798
567811060695
553821771617
449415357926
565824821861
504101797672
571546551726
570606542575
522675583044
581068592162
564702019679
573422035873
529599755292
554804949501
543105424132
563932129910
567029042584
560397698680
563104918108
326750490186
523047647029
557553788859
563902853247
566338791132
578003694856
532763182059
562082414943
576834973188
579264742701
374886326813
514692983790
447090933940
514564919397
564115078537
558173082863
564301603467
574597707829
528596756656
560063517030
495011154727
499549804078
561965784221
520715696379
557354008429
548596061838
562180824496
569001787397
509824973638
520592138655
517702022434
555461747784
544737254661
541244812028
344832142738
482610180330
519042059955
530474471960
486570170409
359093751620
547630966363
513332673965
471459930374
524763854504
510717670328
548526526978
508552599001
528535458252
504721517657
461787086854
505778943870
159628397571
211396235605
540782923885
542254455193
533961201180
525069454047
327563918665
514734011734
538600265395
413247689309
373830190644
514340293790
471347060322
530820803196
523578365182
468596203744
511654302064
534901875728
506341272389
463921289039
514664988130
524731584630
479765269792
360235931630
514430459526
523582195934
514046546023
532554562612
525022882814
467451812179
526263190505
254843472844
62819963229
476243423245
496866672157
248328435432
519159785951
510605599616
167830328664
458766497119
406215107268
265458664996
373504070875
290521106325
509871204572
356339120173
297964054051
791073728
498540981992
183895966538
328810872953
345747538212
83111354470
329260277939
459640011793
522104800826
27268025207
412086798
327875168433
350002732853
75829376384
331384881534
139318929362
339437494412
67925633417
113053597100
508422494107
38188424360
260935116433
341998117806
335658306749
517016954679
486497913502
260568062692
484913966227
251780534242
409608347251
482026038995
484125437710
455603576386
327480718071
515383448848
403226811794
280101128539
468501841505
357216120742
339960864642
459098364502
473411065810
461775676237
368129080462
556716938752
578379374745
580564299215
357902783878
568541032113
571405155161
567891773830
153044309370
466065754104
561051811840
152298239576
586237137692
575881570707
312157106579
566636670047
522957292495
572767733323
299598729768
479964721133
574033071775
526112593968
570076325266
519784332957
340664097918
518938884179
226232123646
570140662844
119119919658
452809097777
469756214741
581252652545
576407808205
534361590021
570107895384
543709442804
561543442688
562251643606
546269026183
556332234993
496227554206
557167980421
571530559175
569293156573
581023757879
554867573275
581837720615
458986436482
146678856996
562159105156
553555953269
325966873692
525369983412
377134353284
282747689897
85817538209
567841803071
551539024122
409950363242
447011826418
560929966739
343999811552
340665045577
488549304571
344317290867
524555433747
523556287538
515063283628
561056704355
373148127282
473535121676
476039878210
245403873281
453849020537
545631207821
521642998836
571609245191
468108342809
543932657194
573380333146
584666463490
583370919176
561336434944
562419087175
558366694617
513939789483
482019213366
443150188220
511091513528
498368947125
403867342453
539016508413
574380355472
545285855763
575558721470
571859651135
596755088665
582086277015
577212626899
563264544536
571144188517
586640703660
569374415041
582192559331
578185537373
579223457861
567805898998
597499177744
175042046897
522649396786
577651880765
577569344624
569017377232
574178873705
489120262004
580860124204
583252867253
593614516018
578367620548
562089468488
525484843285
567849258495
577569769839
582280022145
575204363940
525971285080
543210578324
594046619187
582699767478
580838334620
331483758077
471916685437
538653598594
580158825939
568953576272
577602144105
465630187121
573858575161
558309996872
581884026081
442054209924
524446299419
392141870395
487604698577
581188408970
568395679881
559550296444
580137381777
528118115140
580966880140
560907082230
324402072330
574253105278
462546166611
579482413458
527675951265
566030141808
575110998282
579874150315
576976454610
580712698823
575283999967
573673797232
581191685800
562177926573
579376084110
568985780812
563307664630
579773500852
593748629294
519967501261
484663754898
578365729085
579964959664
542704833064
339293726104
590595294757
577565152218
592175481887
525714677536
561239688639
448302869072
557332158167
577919878302
579532316699
522128377359
575918784657
573808730492
514975856496
492251908802
577124084634
367537857174
469906475868
567816427411
512881895030
519515262472
576022878014
477138037630
577349738131
571120514504
160624409926
510366965425
572671323487
570846256754
523042391910
576718568426
520262865802
574186242145
489942275693
510272138939
566786586972
569841187654
574426919575
470240529782
350967532146
535820897836
478001158414
560955326719
498771106849
514426909379
557318891484
576784075491
578906496494
512329998992
502775740446
572075387230
351955899113
573284069195
517533322690
593186885909
560845065714
558034184888
526815113472
588275535930
513620534620
573128086091
577819131057
576111206084
372095436841
258605700784
574291915232
561026716553
586619265799
562216683515
537170026413
533203913255
565888611428
564314742864
563851232225
577845008578
526934538772
506392849229
511230725413
166204260592
563665716562
518830913543
574340605907
563103157159
577749514179
577107604935
591462720276
553124601451
551024973195
575222876820
557092308338
570976389241
571503404885
562790224471
427532424291
465734065046
573503771095
529712303513
556232546737
345943421978
568857528587
362370960803
517381922906
538866798151
540179592944
371474279228
333126748018
400675602173
468063070679
460869758097
124838459018
554809321047
570017798747
562695945876
570812231494
557872264388
585499865385
569239664999
558895185576
459660612225
557792154316
555167835641
557945961556
512396911739
463312664545
523126565091
563063911804
564265401169
555023826224
536382880828
539279701829
563141674868
506285471607
441992907228
456975230933
549595311903
579780376628
559135554143
480935637528
562168542570
550055311680
571195666081
465137591704
500254651876
332710917236
113284815366
434669413208
523337910094
517233755314
470213902975
281469732749
464207202120
539170440947
541654555891
514200464786
391241159825
552442163025
530751882325
563308639630
513022031517
519138636493
470253806029
524473608091
486059395663
552050159707
456632920636
553346634467
517476527515
570740129602
521642998836
471653301661
573854622791
514608471031
442789919697
267551748226
544219806696
592439073580
555868203657
569598085856
528811783362
530859338918
578073112217
596271600656
572101629840
577886095277
552364711498
572732682830
583175745518
517569742314
481196945034
560987549430
552622715018
543890270456
295241954469
476148150700
352178503752
339390014821
130112683095
354525201169
575179114081
561051873011
570451599219
566895770355
581021518760
524291938835
579639264747
327010544225
529779493660
346216126110
569264554697
552508244810
579103157167
137761101044
566301298267
574885290815
560030887427
353062908377
153176124305
546313631706
551302440438
567441321163
538721227288
570390837695
522811516610
513285896006
570506099435
500388891927
573893267982
573429935889
248490585200
339881450196
387220780131
354356150006
483754973919
542206830268
210170361604
518048999588
511637710172
531479799206
537475073742
513714802670
330857165249
518708764933
513400864919
443765439556
519729486837
308665648846
351639267046
467433703428
169297077280
280289586
141486089111
497606914630
516623958709
560221532845
521642998836
567202052848
491938538814
590721715988
349143618894
466406804161
584329451285
582320767181
582911040033
572292411241
576729374862
557995565759
572864748714
571395686752
580665147929
580117490080
589482311687
579429110916
529503769397
574489544795
577911420800
561525591792
491853480261
127260823747
574023127154
587454561286
592420778009
577613844693
558226767186
576315944919
488786956165
577917562119
577651957131
579342494702
577854493070
485913723394
586669408258
566707548393
571486066537
515103870896
592714640422
577817481867
568518345919
578374149430
574614753863
578558412472
561882356479
559463689062
524090718433
581383184038
572647498103
578225457341
573535755619
577869969867
578848717509
574994868183
571738836587
578106543595
580980345004
575630952580
573387354721
585886215701
573597783878
574500460242
577313840367
590093880110
140730605393
562049572599
572863823723
531967507816
573128086091
337517823136
523911937147
575510482866
575327027093
531503422640
531275255488
474752993933
580664958509
557054829776
46653311093
568203451583
576863020013
521551567848
590547423270
570680435026
560971490037
572088381797
572968445462
574551729873
559702767030
587978599731
557619502554
513411316321
564843169343
334781106171
571611529322
337529687227
574009745616
573769945094
576381220069
787021143
557226564272
567617497503
556749963762
562419087175
576744697028
570937976655
589885667624
582832320262
565047466667
570215386589
516037568268
539788077041
571329814449
568239317075
558104038338
570430697702
570319641814
562395896414
558467002719
562246999476
583626924594
240499322580
573676162510
542171723622
581760107556
571446037248
567571527573
366339731206
515336447916
393931860790
572500811241
566478569873
583705209872
490028095212
566654708597
575381572633
583166124095
544815222010
549988707530
519931665661
566759590250
571192993506
564476859486
264755926943
456701857918
558420641730
533164247798
567811060695
553821771617
449415357926
565824821861
504101797672
571546551726
570606542575
522675583044
581068592162
564702019679
573422035873
529599755292
554804949501
543105424132
563932129910
567029042584
560397698680
563104918108
326750490186
523047647029
557553788859
563902853247
566338791132
578003694856
532763182059
562082414943
576834973188
579264742701
374886326813
514692983790
447090933940
514564919397
564115078537
558173082863
564301603467
574597707829
528596756656
560063517030
495011154727
499549804078
561965784221
520715696379
557354008429
548596061838
562180824496
569001787397
509824973638
520592138655
517702022434
555461747784
544737254661
541244812028
344832142738
482610180330
519042059955
530474471960
486570170409
359093751620
547630966363
513332673965
471459930374
524763854504
510717670328
548526526978
508552599001
528535458252
504721517657
461787086854
505778943870
159628397571
211396235605
540782923885
542254455193
533961201180
525069454047
327563918665
514734011734
538600265395
413247689309
373830190644
514340293790
471347060322
530820803196
523578365182
468596203744
511654302064
534901875728
506341272389
463921289039
514664988130
524731584630
479765269792
360235931630
514430459526
523582195934
514046546023
532554562612
525022882814
467451812179
526263190505
254843472844
62819963229
476243423245
496866672157
248328435432
519159785951
510605599616
167830328664
458766497119
406215107268
265458664996
373504070875
290521106325
509871204572
356339120173
297964054051
791073728
498540981992
183895966538
328810872953
345747538212
83111354470
329260277939
459640011793
522104800826
27268025207
412086798
327875168433
350002732853
75829376384
331384881534
139318929362
339437494412
67925633417
113053597100
508422494107
38188424360
260935116433
341998117806
335658306749
517016954679
486497913502
260568062692
484913966227
251780534242
409608347251
482026038995
484125437710
455603576386
327480718071
515383448848
403226811794
280101128539
468501841505
357216120742
339960864642
459098364502
473411065810
461775676237
368129080462
556716938752
578379374745
580564299215
357902783878
568541032113
571405155161
567891773830
153044309370
466065754104
561051811840
152298239576
586237137692
575881570707
312157106579
566636670047
522957292495
572767733323
299598729768
479964721133
574033071775
526112593968
570076325266
519784332957
340664097918
518938884179
226232123646
570140662844
119119919658
452809097777
469756214741
581252652545
576407808205
534361590021
570107895384
543709442804
561543442688
562251643606
546269026183
556332234993
496227554206
557167980421
571530559175
569293156573
581023757879
554867573275
581837720615
458986436482
146678856996
562159105156
553555953269
325966873692
525369983412
377134353284
282747689897
85817538209
567841803071
551539024122
409950363242
447011826418
560929966739
343999811552
340665045577
488549304571
344317290867
524555433747
523556287538
515063283628
561056704355
373148127282
473535121676
476039878210
245403873281
453849020537
545631207821
521642998836
571609245191
468108342809
543932657194
573380333146
584666463490
583370919176
561336434944
562419087175
558366694617
513939789483
482019213366
443150188220
511091513528
498368947125
403867342453
539016508413
574380355472
545285855763
575558721470
571859651135
