567978343818
566435820495
576862740628
571550018529
577569344624
582440195334
583836994505
577389175922
559594252288
583537003452
529254617581
577421595846
541661068794
574580343629
522562323046
547536306506
571015964904
571311834233
584281089732
578524952426
571269437014
570639373878
540167925758
564111480811
574178873705
573085764512
574784195663
571291411415
568301329650
575518579077
368305712432
524801018718
586575894318
562412087887
575212841541
521313938529
578376429285
570506523832
572152347083
571622886985
529628224155
580157052604
574297917804
571416447266
557723335034
577621186703
567317101397
575310229829
577413218276
521642998836
567899063657
578512063980
590134502458
568866740293
570265328080
563730017130
535958542013
563209522553
570124437981
580038026460
572253467498
566938260940
554820260445
572463625584
593178339348
557057782513
548275857405
573610648707
572755247680
585833928499
578357024361
582232371379
578073112217
584412859392
577831381206
576270780815
565755621988
581174628251
561083484570
567281390944
581443034031
553117283405
598371332121
588361670969
597655490599
583949243624
574178873705
337517823136
578069699961
368305712432
567715391062
519966365917
597153638930
572463625584
507211073859
380411974777
578813741418
568239317075
597949406480
594692638768
578914422126
443555249353
470076692935
578690190415
260377629104
480953004339
570124437981
597073752611
352061233123
577892492887
571520621870
516490984266
539442111740
526986363301
558432901500
490529956315
558226767186
540044125535
597281084181
574455421611
578774742082
593000768307
578756606786
291652563951
529241855459
570998990399
330396138655
518079105441
596358629166
570380582189
515473575594
358601790646
315529969716
529126299813
360845320158
574266070058
569356450272
576721275356
575246833508
565227552113
579582207143
559703044037
536876581189
576797418581
582929669829
578214515085
581887628986
575868961099
470338628921
480504931566
463734168082
576692358578
518437583571
486486710566
464502201925
576527624074
567400184935
218883554067
534731745896
594747850768
594967773229
595061453857
589484525099
360293090739
337264685090
509616599565
563676551113
348514693889
336047267007
552468404329
565038221016
532803278952
578579184578
557490795005
568664763627
579639264747
570012169305
576098716395
575594127048
590573980432
579999262892
466325154223
561963483352
563139341946
575030331034
532694262278
526424196500
513439200317
583295158827
590209355565
589624366911
159298336958
578544095656
512796577857
593274918190
521962774381
579340120709
486966538807
534291227890
458002325392
393439607363
557245583741
516583080892
498399995034
520994147467
508341793603
525307954746
305135750989
335713325164
445733710494
559269799523
348781641013
318622061281
352489996223
586082833157
562643986565
113849978
537036500785
468030978843
557274029271
334651253072
562611263040
519510525855
283971276222
578150157462
590007764276
578008441489
349871896450
577056513932
346494898777
556112640212
576412404908
584576360724
577144957844
566674838198
519250382558
482019213366
479305403532
256183087858
559153173425
574800748116
580671401524
564282431657
588670842893
466406804161
582832320262
579246995643
505470400588
590880308269
337369731683
554452237899
577658103747
514447571265
576046685403
569205515680
507421409649
489652281637
560796843949
572735145452
558198683591
542282747199
581618765860
{"error_code":455,"error_msg":"FRIEND_RESTRICTION : errors.privacy
error_data":"FRIENDS_VISIBILITY"}360608061315
569013010358
592692293383
583011885288
580384569811
580158595226
590134502458
564662814713
577408906869
592028838152
581581009839
581332923033
596722178093
571634365088
597406165530
578261648996
575709441101
579702596587
588940684851
576926655065
578987939770
582277516230
508570329242
514382460327
500495072237
568239317075
574796562002
577780732574
587594508602
577613844693
580624681161
579208151951
583016137123
594434754847
577565622400
575927659219
540753657053
559647981558
332692920364
564302774861
593289026596
578073112217
537759941320
549905884915
527022182615
496981680479
579466828218
573942304338
563471721463
437688045126
525666996540
593776176402
587796457219
574421952847
573493805395
573531881303
575272812267
570109393763
578830878128
578027240832
562659818816
565441911742
481908018465
506285471607
485831960565
564417853624
559312662868
479167585927
570288995375
587539903495
509565935202
568337357744
576259707372
579316764205
567844331487
586137292553
560797750600
571996744060
562699011660
525047676536
576860315177
519991558001
560792085527
484304199356
512460164549
577838724531
334633646825
571680971360
555917810356
577873461476
581520092726
576976822924
573409138621
552122503255
570152267894
331749933706
596155947041
501481023165
571882261334
581244257996
566476041814
560005353200
536679516905
558505626697
579770967529
580863841541
545967282995
575157271091
576550129705
581486351275
578832250027
459441509910
360726706191
572000728126
338107838089
561406611893
577440798671
530521983458
340645468311
565831781318
168798571426
168940867817
359816653920
469991740478
509317666476
325200270469
527001612060
554184236386
572519286801
442567224308
514471802174
550878827044
553409536549
352017570966
557469046923
360101543386
581777036075
561078498386
228051053312
454763818218
558104038338
544168596774
448006408427
552364213905
512392891616
556352909452
476769085842
457980449726
548143557384
189328703131
507687438787
346071889558
514667214073
559303497905
357465003027
530398420577
131001635599
521698033505
469025707700
560337479308
530314954173
129431012551
116977723616
473902566539
597384724762
557057782513
358156609157
595168021034
344821173716
452524293827
526372916694
583928200728
556684140544
517697466188
356993835331
573404749323
560345811444
566727059013
361144477964
537568477336
577589549754
591312381725
573762065007
592016429358
572253467498
575331518878
499132526954
578623199434
591460777239
499607401944
590275695893
577725621515
571330568524
563088776372
553374572631
575067443934
572231393207
588523870265
571706846552
551557447644
531139812008
368892875786
569307505895
335479075743
577293906347
289912716136
570839949171
587959226672
560193503390
587949140799
587912982066
556256966132
577134443980
527140711393
559319263980
560006327757
570263964277
519245603726
544704788985
574036131289
578917566116
505057287516
517995068065
515816485463
566744958916
558259337382
517514283356
447115080428
540312716135
441929985124
568259033740
578799503010
517423215573
338917961499
359412931591
248010117608
453096566695
523130766723
496063050024
569501174086
588184807704
575558980365
523845734175
520275442091
570927311886
565467346869
444232976001
359808748148
527183456041
500445243801
557582220697
560115129286
553337893213
570478144828
571078389010
553790231654
339509811173
362005622014
525778900958
492385177213
466584783021
518285638645
516695186126
353733779757
350190130835
463692221448
507360261786
514210635769
507057249609
509914180568
442677898370
504340604792
512692309642
490764304817
515006746660
452533872340
476418720827
371225460964
481504761150
501292832054
141342264492
562649617042
580166686741
553491026009
560352312146
572029133424
576602366090
567978343818
566435820495
576862740628
571550018529
577569344624
582440195334
583836994505
577389175922
559594252288
583537003452
529254617581
577421595846
541661068794
574580343629
522562323046
547536306506
571015964904
571311834233
584281089732
578524952426
571269437014
570639373878
540167925758
564111480811
574178873705
573085764512
574784195663
571291411415
568301329650
575518579077
368305712432
524801018718
586575894318
562412087887
575212841541
521313938529
578376429285
570506523832
572152347083
571622886985
529628224155
580157052604
574297917804
571416447266
557723335034
577621186703
567317101397
575310229829
577413218276
521642998836
567899063657
578512063980
590134502458
568866740293
570265328080
563730017130
535958542013
563209522553
570124437981
580038026460
572253467498
566938260940
554820260445
572463625584
593178339348
557057782513
548275857405
573610648707
572755247680
585833928499
578357024361
582232371379
578073112217
584412859392
577831381206
576270780815
565755621988
581174628251
561083484570
567281390944
581443034031
553117283405
598371332121
588361670969
597655490599
583949243624
574178873705
337517823136
578069699961
368305712432
567715391062
519966365917
597153638930
572463625584
507211073859
380411974777
578813741418
568239317075
597949406480
594692638768
578914422126
443555249353
470076692935
578690190415
260377629104
480953004339
570124437981
597073752611
352061233123
577892492887
571520621870
516490984266
539442111740
526986363301
558432901500
490529956315
558226767186
540044125535
597281084181
574455421611
578774742082
593000768307
578756606786
291652563951
529241855459
570998990399
330396138655
518079105441
596358629166
570380582189
515473575594
358601790646
315529969716
529126299813
360845320158
574266070058
569356450272
576721275356
575246833508
565227552113
579582207143
559703044037
536876581189
576797418581
582929669829
578214515085
581887628986
575868961099
470338628921
480504931566
463734168082
576692358578
518437583571
486486710566
464502201925
576527624074
567400184935
218883554067
534731745896
594747850768
594967773229
595061453857
589484525099
360293090739
337264685090
509616599565
563676551113
348514693889
336047267007
552468404329
565038221016
532803278952
578579184578
557490795005
568664763627
579639264747
570012169305
576098716395
575594127048
590573980432
579999262892
466325154223
561963483352
563139341946
575030331034
532694262278
526424196500
513439200317
583295158827
590209355565
589624366911
159298336958
578544095656
512796577857
593274918190
521962774381
579340120709
486966538807
534291227890
458002325392
393439607363
557245583741
516583080892
498399995034
520994147467
508341793603
525307954746
305135750989
335713325164
445733710494
559269799523
348781641013
318622061281
352489996223
586082833157
562643986565
113849978
537036500785
468030978843
557274029271
334651253072
562611263040
519510525855
283971276222
578150157462
590007764276
578008441489
349871896450
577056513932
346494898777
556112640212
576412404908
584576360724
577144957844
566674838198
519250382558
482019213366
479305403532
256183087858
559153173425
574800748116
580671401524
564282431657
588670842893
466406804161
582832320262
579246995643
505470400588
590880308269
337369731683
554452237899
577658103747
514447571265
576046685403
569205515680
507421409649
489652281637
560796843949
572735145452
558198683591
542282747199
581618765860
{"error_code":455,"error_msg":"FRIEND_RESTRICTION : errors.privacy
error_data":"FRIENDS_VISIBILITY"}360608061315
569013010358
592692293383
583011885288
580384569811
580158595226
590134502458
564662814713
577408906869
592028838152
581581009839
581332923033
596722178093
571634365088
597406165530
578261648996
575709441101
579702596587
588940684851
576926655065
578987939770
582277516230
508570329242
514382460327
500495072237
568239317075
574796562002
577780732574
587594508602
577613844693
580624681161
579208151951
583016137123
594434754847
577565622400
575927659219
540753657053
559647981558
332692920364
564302774861
593289026596
578073112217
537759941320
549905884915
527022182615
496981680479
579466828218
573942304338
563471721463
437688045126
525666996540
593776176402
587796457219
574421952847
573493805395
573531881303
575272812267
570109393763
578830878128
578027240832
562659818816
565441911742
481908018465
506285471607
485831960565
564417853624
559312662868
479167585927
570288995375
587539903495
509565935202
568337357744
576259707372
579316764205
567844331487
586137292553
560797750600
571996744060
562699011660
525047676536
576860315177
519991558001
560792085527
484304199356
512460164549
577838724531
334633646825
571680971360
555917810356
577873461476
581520092726
576976822924
573409138621
552122503255
570152267894
331749933706
596155947041
501481023165
571882261334
581244257996
566476041814
560005353200
536679516905
558505626697
579770967529
580863841541
545967282995
575157271091
576550129705
581486351275
578832250027
459441509910
360726706191
572000728126
338107838089
561406611893
577440798671
530521983458
340645468311
565831781318
168798571426
168940867817
359816653920
469991740478
509317666476
325200270469
527001612060
554184236386
572519286801
442567224308
514471802174
550878827044
553409536549
352017570966
557469046923
360101543386
581777036075
561078498386
228051053312
454763818218
558104038338
544168596774
448006408427
552364213905
512392891616
556352909452
476769085842
457980449726
548143557384
189328703131
507687438787
346071889558
514667214073
559303497905
357465003027
530398420577
131001635599
521698033505
469025707700
560337479308
530314954173
129431012551
116977723616
473902566539
597384724762
557057782513
358156609157
595168021034
344821173716
452524293827
526372916694
583928200728
556684140544
517697466188
356993835331
573404749323
560345811444
566727059013
361144477964
537568477336
577589549754
591312381725
573762065007
592016429358
572253467498
575331518878
499132526954
578623199434
591460777239
499607401944
590275695893
577725621515
571330568524
563088776372
553374572631
575067443934
572231393207
588523870265
571706846552
551557447644
531139812008
368892875786
569307505895
335479075743
577293906347
289912716136
570839949171
587959226672
560193503390
587949140799
587912982066
556256966132
577134443980
527140711393
559319263980
560006327757
570263964277
519245603726
544704788985
574036131289
578917566116
505057287516
517995068065
515816485463
566744958916
558259337382
517514283356
447115080428
540312716135
441929985124
568259033740
578799503010
517423215573
338917961499
359412931591
248010117608
453096566695
523130766723
496063050024
569501174086
588184807704
575558980365
523845734175
520275442091
570927311886
565467346869
444232976001
359808748148
527183456041
500445243801
557582220697
560115129286
553337893213
570478144828
571078389010
553790231654
339509811173
362005622014
525778900958
492385177213
466584783021
518285638645
516695186126
353733779757
350190130835
463692221448
507360261786
514210635769
507057249609
509914180568
442677898370
504340604792
512692309642
490764304817
515006746660
452533872340
476418720827
371225460964
481504761150
501292832054
141342264492
562649617042
580166686741
553491026009
560352312146
572029133424
576602366090
